4 5
0.000000 0.000000
1.000000 0.754693
1.525208 1.986278
2.392708 -0.013722
3.392708 -0.013722
5.011042 -0.013722
6.011042 -0.013722
7.022083 -0.013722
7.293333 0.987962
9.000000 0.905631
10.000000 0.905631
11.000000 0.000000
12.000000 0.000000
14.000000 0.000000
16.000000 0.000000
20.000000 0.000000
0.000000 0.000000
1.000000 0.000000
1.403750 0.013722
2.403750 0.013722
2.652916 1.632880
2.646667 -0.000000
5.006250 -0.000000
6.006251 -0.000000
7.006250 -0.013722
9.000000 0.000000
10.000000 0.000000
11.000000 0.000000
12.000000 0.000000
14.000000 0.000000
16.000000 0.000000
20.000000 0.000000
0.000000 0.000000
1.000000 0.000000
1.591458 0.590032
2.591458 0.590032
3.591459 -0.109774
4.812291 -0.329321
6.033125 0.000000
6.845416 -1.276116
7.779166 -0.933074
9.000000 0.000000
10.000000 0.000000
11.000000 0.000000
12.000000 0.000000
14.000000 0.000000
16.000000 0.000000
20.000000 0.000000
0.000000 0.000000
1.684583 1.986278
2.000000 0.000000
3.000000 0.000000
4.011042 -0.013722
4.922709 -0.782136
6.011042 -0.905631
7.011042 -0.905631
8.000000 0.000000
9.000000 0.000000
10.000000 0.000000
11.000000 0.000000
12.000000 0.000000
14.000000 0.000000
16.000000 0.000000
20.000000 0.000000
