4 5
0.000000 0.000000
1.000000 0.754693
1.525208 1.986278
2.392708 -0.013722
3.392708 -0.013722
5.011042 -0.013722
6.011042 -0.013722
7.022083 -0.013722
7.293333 0.987962
9.000000 0.905631
10.000000 0.905631
11.320209 0.384207
11.889584 -0.109773
12.045626 -0.274433
16.000000 0.000000
20.000000 0.000000
0.000000 0.000000
1.000000 0.000000
1.403750 0.013722
2.403750 0.013722
2.652916 1.632880
2.580418 -0.000000
4.940001 -0.000000
5.940001 -0.000000
9.048959 -0.013722
11.042708 -0.000000
11.042708 -0.617476
13.959165 0.329320
15.014374 -0.054887
15.698957 0.260712
19.290417 -0.041165
20.000000 -0.041165
0.000000 0.000000
1.000000 0.000000
1.591458 0.590032
2.591458 0.590032
3.591459 -0.109774
4.503124 -0.301877
5.723958 0.027443
6.536249 -1.248673
7.779166 -0.933074
9.000000 0.000000
10.000000 0.000000
11.000000 0.000000
12.000000 0.000000
12.531459 1.300194
16.000000 -0.109773
20.000000 -0.109773
0.000000 0.000000
1.684583 1.986278
2.000000 0.000000
3.000000 0.000000
4.011042 -0.013722
4.922709 -0.782136
6.011042 -0.905631
7.011042 -0.905631
8.000000 0.000000
9.000000 0.000000
10.000000 0.000000
16.619787 -0.013722
16.785412 -0.013722
18.443123 1.125178
19.392708 0.469903
19.425833 0.000000
