4 5
0.000000 0.000000
1.000000 0.000000
0.487292 2.795858
1.641875 0.795857
2.476250 -0.219547
5.000000 0.000000
6.000000 0.000000
7.000000 0.000000
8.000000 0.000000
9.000000 0.000000
10.000000 0.000000
11.000000 0.000000
12.000000 0.000000
14.000000 0.000000
16.000000 0.000000
20.000000 0.000000
0.000000 0.000000
1.000000 0.000000
0.588125 -0.082330
2.515625 0.425372
3.846878 0.713527
3.001459 0.013722
6.044167 -0.013722
7.044167 -0.013722
8.000000 0.000000
9.000000 0.000000
10.000000 0.000000
11.000000 0.000000
12.000000 0.000000
14.000000 0.000000
16.000000 0.000000
20.000000 0.000000
0.619793 1.533463
2.017292 0.106408
2.061460 0.037799
3.000000 0.000000
4.000000 -0.041165
4.966875 0.000000
6.000000 0.000000
7.000000 0.000000
8.000000 0.000000
9.000000 0.000000
10.000000 0.000000
11.000000 0.000000
12.000000 0.000000
14.000000 0.000000
16.000000 0.000000
20.000000 0.000000
0.011042 0.000000
0.955833 1.303559
1.236667 0.054887
2.304375 0.054887
2.774375 -1.931391
5.000000 0.000000
6.000000 0.000000
7.000000 0.000000
8.000000 0.000000
9.000000 0.000000
10.000000 0.000000
11.000000 0.000000
12.000000 0.000000
14.000000 0.000000
16.000000 0.000000
20.000000 0.000000
